Gen	sens1X2	sens2X2	sensGTest1	sensGTest2
1	0	0	1	1
5	0	0	0.236559139784946	0.139784946236559
10	0	0	0	0
15	0	0	0	0
20	0.0188679245283019	0	0	0
25	0.0185185185185185	0	0	0
30	0	0	0.02	0.02
35	0.0188679245283019	0	0.0188679245283019	0
40	0	0	0	0
45	0	0	0	0
50	0	0	0.037037037037037	0.0185185185185185
55	0	0	0.0208333333333333	0
60	0	0	0	0
65	0	0	0	0
70	0	0	0.0338983050847458	0
75	0	0	0	0
80	0	0	0.0181818181818182	0.0181818181818182
85	0	0	0	0
90	0	0	0	0
95	0	0	0	0
100	0	0	0	0
105	0	0	0.024390243902439	0
110	0	0	0.0238095238095238	0
115	0	0	0	0
120	0	0	0	0
125	0	0	0.0227272727272727	0.0227272727272727
130	0	0	0	0
135	0	0	0	0
140	0	0	0.024390243902439	0
145	0	0	0.0232558139534884	0
150	0	0	0	0
