Gen	sens1X2	sens2X2	sensGTest1	sensGTest2
1	0	0	1	1
5	0.03	0.01	1	1
10	1	1	0.93	0.78
15	1	1	0.57	0.33
20	1	1	0.185567010309278	0.103092783505155
25	1	0.978947368421053	0.136842105263158	0.0421052631578947
30	1	0.968085106382979	0.159574468085106	0.0106382978723404
35	1	0.98936170212766	0.0957446808510638	0
40	1	0.935483870967742	0.0537634408602151	0
45	1	0.977272727272727	0.0568181818181818	0.0113636363636364
50	1	0.951807228915663	0.0481927710843374	0.0240963855421687
55	1	0.91358024691358	0.0987654320987654	0
60	1	0.925	0.05	0
65	1	0.916666666666667	0.0277777777777778	0.0138888888888889
70	1	0.793650793650794	0.0634920634920635	0.0158730158730159
75	1	0.872340425531915	0	0
80	1	0.911111111111111	0	0
85	1	0.84375	0.03125	0
90	1	0.740740740740741	0.037037037037037	0
