Gen	sens1X2	sens2X2	sensGTest1	sensGTest2
1	0	0	1	1
5	0	0	1	1
10	0.22	0.09	0.93	0.88
15	0.91	0.75	0.68	0.48
20	0.97979797979798	0.95959595959596	0.555555555555556	0.323232323232323
25	0.99	0.97	0.39	0.2
30	1	0.97979797979798	0.373737373737374	0.151515151515152
35	1	1	0.34	0.13
40	1	0.98	0.31	0.16
45	1	1	0.191919191919192	0.0808080808080808
50	1	0.979591836734694	0.183673469387755	0.0816326530612245
55	1	0.98936170212766	0.106382978723404	0.0212765957446809
60	1	0.979591836734694	0.163265306122449	0.0612244897959184
65	1	0.989473684210526	0.115789473684211	0.0421052631578947
70	1	0.967391304347826	0.141304347826087	0.0108695652173913
75	1	0.96875	0.104166666666667	0.0208333333333333
80	1	0.954545454545455	0.102272727272727	0.0454545454545455
85	1	0.967032967032967	0.021978021978022	0
90	1	0.965116279069767	0.0697674418604651	0.0232558139534884
95	1	0.926315789473684	0.0736842105263158	0.0315789473684211
100	1	0.869047619047619	0.0714285714285714	0.0238095238095238
105	1	0.975903614457831	0.0240963855421687	0
110	1	0.97752808988764	0.0112359550561798	0
115	1	0.939024390243902	0.0487804878048781	0.0121951219512195
120	1	0.946666666666667	0.0533333333333333	0.0133333333333333
125	1	0.8875	0.025	0
130	1	0.935897435897436	0.0641025641025641	0
135	1	0.895522388059702	0.0746268656716418	0.0447761194029851
140	1	0.852459016393443	0.0327868852459016	0.0163934426229508
145	1	0.84	0.02	0
150	1	0.918367346938776	0.0204081632653061	0
