Gen	sens1X2	sens2X2	sensGTest1	sensGTest2
1	0	0	1	1
5	0	0	0.210526315789474	0.0842105263157895
10	0	0	0.0188679245283019	0
15	0	0	0.0344827586206897	0
20	0	0	0	0
25	0	0	0.0333333333333333	0
30	0.0188679245283019	0	0	0
35	0	0	0	0
40	0.0392156862745098	0	0.0196078431372549	0.0196078431372549
45	0.03125	0	0	0
50	0.0178571428571429	0	0.0357142857142857	0
55	0.0862068965517241	0	0	0
60	0.06	0	0	0
65	0.155172413793103	0	0	0
70	0.05	0	0	0
75	0.115384615384615	0	0	0
80	0.107142857142857	0	0	0
85	0.0862068965517241	0	0	0
90	0.173076923076923	0.0192307692307692	0	0
95	0.132075471698113	0	0.0377358490566038	0
100	0.132075471698113	0	0	0
105	0.0943396226415094	0.0377358490566038	0	0
110	0.0625	0	0	0
115	0.0961538461538462	0	0	0
120	0.0545454545454545	0	0	0
125	0.0178571428571429	0	0	0
130	0.0508474576271186	0	0	0
135	0	0	0.037037037037037	0
140	0.0212765957446809	0	0	0
145	0.037037037037037	0.0185185185185185	0.037037037037037	0
150	0.0416666666666667	0	0	0
