Gen	sens1X2	sens2X2	sensGTest1	sensGTest2
1	0	0	1	1
5	0	0	0.62	0.38
10	0	0	0.0555555555555556	0
15	0	0	0.0128205128205128	0.0128205128205128
20	0.0135135135135135	0	0.027027027027027	0
25	0.0136986301369863	0	0.0136986301369863	0
30	0.0298507462686567	0	0.0447761194029851	0.0149253731343284
35	0.0357142857142857	0	0.0178571428571429	0
40	0.0634920634920635	0	0.0158730158730159	0.0158730158730159
45	0.0333333333333333	0	0	0
50	0.015625	0	0.015625	0
55	0.0142857142857143	0	0.0285714285714286	0.0142857142857143
60	0	0	0	0
65	0	0	0.0597014925373134	0
70	0	0	0.0151515151515152	0.0151515151515152
75	0	0	0	0
80	0	0	0	0
85	0	0	0	0
90	0	0	0.0175438596491228	0
95	0	0	0.0175438596491228	0
100	0	0	0	0
105	0	0	0	0
110	0	0	0.0327868852459016	0
115	0	0	0	0
120	0	0	0	0
125	0	0	0.0350877192982456	0.0175438596491228
130	0	0	0	0
135	0	0	0	0
140	0	0	0	0
145	0	0	0.0212765957446809	0.0212765957446809
150	0	0	0	0
