Gen	sens1X2	sens2X2	sensGTest1	sensGTest2
1	0	0	1	1
5	0	0	0.263157894736842	0.157894736842105
10	0	0	0.0303030303030303	0
15	0	0	0.0317460317460317	0.0158730158730159
20	0	0	0.0151515151515152	0.0151515151515152
25	0.0307692307692308	0	0	0
30	0.0158730158730159	0	0.0158730158730159	0.0158730158730159
35	0.037037037037037	0	0	0
40	0.1	0	0.0333333333333333	0
45	0.0666666666666667	0	0.0333333333333333	0
50	0.0333333333333333	0	0	0
55	0.0277777777777778	0	0.0138888888888889	0
60	0	0	0	0
65	0	0	0.0169491525423729	0
70	0	0	0	0
75	0	0	0	0
80	0	0	0	0
85	0	0	0	0
90	0	0	0.0204081632653061	0
95	0	0	0.0217391304347826	0
100	0	0	0.0217391304347826	0
105	0	0	0.0222222222222222	0
110	0	0	0.0784313725490196	0
115	0	0	0.0238095238095238	0
120	0	0	0	0
125	0	0	0.121212121212121	0
130	0	0	0.05	0.025
135	0	0	0.0689655172413793	0
140	0	0	0.185185185185185	0.0740740740740741
145	0	0	0.12	0.04
