Gen	sens1X2	sens2X2	sensGTest1	sensGTest2
1	0	0	1	1
5	0	0	0.5	0.3
10	0	0	0.0169491525423729	0
15	0	0	0.0181818181818182	0
20	0	0	0	0
25	0	0	0	0
30	0	0	0.0175438596491228	0
35	0	0	0.0158730158730159	0
40	0	0	0.0169491525423729	0.0169491525423729
45	0	0	0.032258064516129	0.0161290322580645
50	0	0	0.0327868852459016	0
55	0	0	0.05	0
60	0	0	0	0
65	0	0	0.0196078431372549	0
70	0	0	0	0
75	0	0	0.037037037037037	0
80	0	0	0	0
85	0	0	0.0344827586206897	0
90	0	0	0.04	0
95	0	0	0	0
100	0	0	0.0192307692307692	0
105	0	0	0.0169491525423729	0.0169491525423729
110	0	0	0.0384615384615385	0
115	0	0	0	0
120	0	0	0	0
125	0	0	0	0
130	0	0	0	0
135	0	0	0	0
140	0	0	0	0
145	0	0	0.0227272727272727	0
150	0	0	0.0222222222222222	0
