Gen	sens1X2	sens2X2	sensGTest1	sensGTest2
1	0	0	1	1
5	0	0	0.927083333333333	0.833333333333333
10	0.182926829268293	0.0975609756097561	0.304878048780488	0.121951219512195
15	0.87719298245614	0.859649122807018	0.0526315789473684	0
20	1	0.955555555555556	0.0222222222222222	0
25	0.982456140350877	0.982456140350877	0.0175438596491228	0
30	1	1	0	0
35	1	1	0	0
40	1	1	0	0
45	1	1	0	0
50	1	1	0	0
55	1	1	0	0
60	1	1	0	0
65	1	1	0	0
70	1	1	0	0
75	1	1	0	0
80	1	1	0	0
85	1	1	0	0
90	1	1	0	0
95	1	1	0	0
100	1	1	0	0
105	1	1	0	0
110	1	1	0	0
115	1	1	0	0
120	1	1	0	0
125	1	1	0	0
130	1	1	0	0
