Gen	sens1X2	sens2X2	sensGTest1	sensGTest2
1	0	0	1	1
5	0	0	1	1
10	0.47	0.3	0.99	0.94
15	0.99	0.97	0.84	0.65
20	1	1	0.69	0.46
25	1	1	0.51	0.25
30	1	0.97979797979798	0.464646464646465	0.252525252525253
35	1	0.979381443298969	0.350515463917526	0.195876288659794
40	1	0.989583333333333	0.270833333333333	0.166666666666667
45	1	1	0.210526315789474	0.105263157894737
50	1	1	0.228260869565217	0.0978260869565217
55	1	0.98936170212766	0.148936170212766	0.074468085106383
60	1	0.978947368421053	0.126315789473684	0.0736842105263158
65	1	0.956521739130435	0.141304347826087	0.0326086956521739
70	1	0.909090909090909	0.125	0.0340909090909091
75	1	0.928571428571429	0.0714285714285714	0.0357142857142857
80	1	0.865853658536585	0.0853658536585366	0.0121951219512195
85	1	0.876712328767123	0.0273972602739726	0
90	1	0.773584905660377	0.0754716981132075	0
95	1	0.75	0.03125	0
