Gen	sens1X2	sens2X2	sensGTest1	sensGTest2
1	0	0	1	1
5	0	0	0.474747474747475	0.262626262626263
10	0.0344827586206897	0	0	0
15	0.0363636363636364	0	0	0
20	0.0153846153846154	0	0	0
25	0.0454545454545455	0	0	0
30	0.0185185185185185	0	0	0
35	0	0	0.0163934426229508	0
40	0	0	0	0
45	0.0188679245283019	0	0	0
50	0.0153846153846154	0	0	0
55	0.0384615384615385	0	0	0
60	0	0	0.0333333333333333	0
65	0.0181818181818182	0	0	0
70	0	0	0.0181818181818182	0
75	0	0	0	0
80	0.0166666666666667	0	0	0
85	0.0178571428571429	0	0	0
90	0	0	0	0
95	0	0	0	0
100	0	0	0	0
105	0	0	0	0
110	0	0	0	0
115	0	0	0.0232558139534884	0
120	0	0	0	0
125	0	0	0	0
130	0	0	0	0
135	0	0	0	0
140	0	0	0.015625	0.015625
145	0	0	0.0178571428571429	0
150	0	0	0.0377358490566038	0.0188679245283019
