Gen	sens1X2	sens2X2	sensGTest1	sensGTest2
1	0	0	1	1
5	0	0	0.239583333333333	0.15625
10	0	0	0.0192307692307692	0
15	0	0	0	0
20	0	0	0.0185185185185185	0
25	0	0	0	0
30	0	0	0	0
35	0	0	0	0
40	0	0	0.0188679245283019	0
45	0	0	0.0192307692307692	0.0192307692307692
50	0	0	0.0204081632653061	0
55	0	0	0.0175438596491228	0
60	0	0	0.0434782608695652	0.0217391304347826
65	0	0	0.102040816326531	0.0204081632653061
70	0	0	0.0185185185185185	0.0185185185185185
75	0	0	0.0181818181818182	0
80	0	0	0	0
85	0	0	0.0697674418604651	0.0465116279069767
90	0	0	0	0
95	0	0	0	0
100	0	0	0.115384615384615	0.0384615384615385
105	0	0	0.037037037037037	0
110	0	0	0.121212121212121	0.0303030303030303
