Gen	sens1X2	sens2X2	sensGTest1	sensGTest2
1	0	0	1	1
5	0	0	0.5	0.35
10	0	0	0.0158730158730159	0
15	0	0	0.0294117647058824	0.0147058823529412
20	0	0	0	0
25	0	0	0.0476190476190476	0.0317460317460317
30	0	0	0.0476190476190476	0
35	0.015625	0	0.046875	0
40	0.0483870967741935	0	0.0161290322580645	0.0161290322580645
45	0.0547945205479452	0	0.0136986301369863	0
50	0.087719298245614	0	0.0526315789473684	0
55	0.109375	0	0	0
60	0.0545454545454545	0	0	0
65	0.172413793103448	0	0.0172413793103448	0
70	0.101694915254237	0	0	0
75	0.101694915254237	0	0	0
80	0.117647058823529	0	0.0294117647058824	0
85	0.111111111111111	0	0.0158730158730159	0
90	0.183333333333333	0	0	0
95	0.109090909090909	0	0	0
100	0.186440677966102	0	0.0338983050847458	0
105	0.105263157894737	0	0.0175438596491228	0
110	0.112903225806452	0	0	0
115	0.0392156862745098	0	0.0196078431372549	0
120	0.0357142857142857	0	0	0
125	0	0	0.0142857142857143	0
130	0.0483870967741935	0	0.032258064516129	0
135	0.0377358490566038	0	0.0377358490566038	0.0188679245283019
140	0.0555555555555556	0	0	0
145	0.0185185185185185	0	0	0
150	0	0	0	0
